,17-Jan,17-Feb,17-Mar,17-Apr,17-May,17-Jun,17-Jul,17-Aug,17-Sep,17-Oct,17-Nov,18-Jan,18-Feb,18-Mar,18-Apr,18-May,18-Jun,18-Jul,18-Aug,18-Sep,18-Oct,18-Nov,18-Dec,19-Jan,19-Feb,19-Mar,19-Apr,19-May,19-Jun,19-Jul,19-Aug,19-Sep,19-Oct,19-Nov,19-Dec,20-Jan,20-Feb,20-Mar,20-Jul,20-Aug,20-Sep,20-Oct,20-Nov,20-Dec,21-Jan,21-Feb,21-Mar,21-Apr,21-May,21-Jun,21-Jul,21-Aug,21-Sep,21-Oct,21-Nov,21-Dec,22-Jan,22-Feb,22-Mar,22-Apr,22-May,22-Jun,22-Jul,22-Aug,22-Sep,22-Oct,22-Nov,22-Dec,23-Jan,23-Feb,23-Mar,23-Apr,23-May,23-Jun,23-Jul,23-Aug,23-Sep,23-Oct,23-Nov,23-Dec,24-Jan,24-Feb,24-Mar,24-Apr,24-May,24-Jun,24-Jul,24-Aug
17-Jan,1.0,0.9968560586866587,0.9946372201170197,0.9922061000607159,0.9900512648294952,0.9844489645705616,0.9823282552258924,0.9852397905758249,0.9871820704374018,0.9879121240677332,0.9889998488015752,0.9935002246602199,0.9901922542067131,0.9906912291155751,0.9919404036761938,0.9927166091411401,0.9911008154978274,0.9901752739311767,0.9864255626636691,0.9833833952903703,0.9846096824372977,0.9862909322464007,0.9892834415115368,0.9908043413133399,0.9914631204216778,0.989541900350221,0.9936530485268132,0.9857784102313402,0.9851879138077334,0.9878674791190264,0.9873685087173626,0.9841866782321225,0.9815736510681164,0.9819280273856746,0.9804915391158051,0.9855196165323944,0.9880876121546501,0.9765483004528244,0.9191964223671802,0.9010969517619413,0.9118791041127359,0.9070964151043704,0.9343273408835546,0.9312551544378715,0.9408148139501619,0.9537113617078427,0.9619508132481325,0.9425329909407877,0.9553680479149048,0.9586289285763081,0.9591086235602909,0.9543069435126886,0.9416322322744843,0.9482612366940404,0.944285789794268,0.9641880103640766,0.9654165960152301,0.9745046965230971,0.9681254557665026,0.9599211873643853,0.9715143437864595,0.9676429202180137,0.9628711065271794,0.956484758814919,0.9428663349003108,0.9389746010294827,0.9431759664850279,0.949297129484502,0.947833223501183,0.9649385068918764,0.9474601788722666,0.9358217498036459,0.9383576575495457,0.933991409222923,0.9359174763261386,0.9360307883512117,0.9179653251634666,0.9420498619642683,0.9270331862938936,0.9396110512755169,0.9258550824456073,0.9154988806068289,0.8982500580463646,0.8719925640686916,0.8575460841391995,0.8511529402946706,0.847124579722962,0.8414472406596839
17-Feb,0.9968560586866587,1.0,0.9978074554349985,0.9965779027745818,0.9953371157856932,0.9920162942524666,0.9889545287530258,0.9901220696584903,0.9929416437590824,0.992761704544617,0.993330181285532,0.9964615843268899,0.9937839338496394,0.9944206616424299,0.9955144518302734,0.9951270118037453,0.9949870954998801,0.9945357953259646,0.9895142439761789,0.9896369468516748,0.9895446198799847,0.9903338396827418,0.9922520567044998,0.99283310573457,0.9931982866428842,0.9916532341480601,0.9955572841997392,0.9898961940953108,0.9884138862922925,0.9903029137747075,0.9902759780305866,0.9898102812306074,0.9886584806389712,0.9882878349996108,0.9867526753373228,0.9909846714187225,0.9927831197539806,0.9837394326921631,0.9335599634948123,0.9189815289328254,0.9305987964948139,0.9240120148662432,0.9477369849956822,0.9418036715636382,0.9491907221978112,0.9603006701883189,0.970478582791793,0.9530327119460811,0.9663508397975141,0.971028387118652,0.9711581155803882,0.9659470486845951,0.9548320648924904,0.9621692063560489,0.9589514362179204,0.974976128797622,0.9758070157266867,0.984271527747135,0.9792454758926271,0.9716000031969586,0.9814319466005128,0.9781775867205854,0.9731202539116884,0.9672546447332782,0.9562406077788778,0.9527531746405995,0.9579683662352638,0.962194252352021,0.9606658864997538,0.9754544595713937,0.9597718038401588,0.948879738384915,0.9523907645846841,0.9482859432752195,0.9463457405766186,0.9486767862876367,0.9322313411853155,0.9530921008152057,0.9398565198594372,0.9511154827232362,0.938735535635585,0.9302565597406409,0.9153640056942935,0.8913987149098993,0.8783737880775221,0.8728878690207066,0.8692919183245463,0.8636189979523391
17-Mar,0.9946372201170197,0.9978074554349985,1.0,0.9977230728164532,0.9958015030225521,0.9932696545237776,0.9917630923502343,0.993204020810899,0.9951462293381862,0.9928096634028709,0.9931876796196699,0.9945303977137708,0.9912443409201355,0.9921318566881157,0.9938296006216389,0.9935073001908781,0.9948690812760375,0.9945767388353536,0.992139428841478,0.9921955355779479,0.9923625676957348,0.9906134971010897,0.9924758913776736,0.9924767097101138,0.9918299533061896,0.9896721211294633,0.9947863314248225,0.9887162173029888,0.9873646592671408,0.9902398127045304,0.9923142120253784,0.9906286927612401,0.9907669119619731,0.989230725613103,0.9887550864891997,0.9913317374372493,0.9937086203244484,0.9809470033772929,0.9338715603813506,0.9223391362086049,0.9335887853323247,0.9267786744590258,0.9483348846023173,0.9417919170426732,0.947026592519873,0.9586731553574122,0.9715128264874148,0.955693700901627,0.9691352495606601,0.9739585702338679,0.9741235359364064,0.9716445574246129,0.9624867106385194,0.9688274980869831,0.9647611941980908,0.9790929786314064,0.9804247296660612,0.986674789024498,0.982761788831963,0.9758314099929378,0.9844897840978025,0.9822581724260083,0.9791774439567749,0.9748157958635628,0.963750960171492,0.9605817015956407,0.963302324691902,0.9662421945558128,0.9656090352663148,0.979354079599637,0.9655600134090916,0.9559667115354141,0.9584590235557913,0.9556387163517367,0.9540007562847966,0.9564467601329523,0.9392447677193773,0.9582268096953006,0.9443289131958496,0.9524879703307827,0.9434201983396971,0.9360295645819253,0.9210112030650202,0.8994784490288504,0.8872726669236624,0.8817090547739703,0.8803305154241966,0.8761670409540704
17-Apr,0.9922061000607159,0.9965779027745818,0.9977230728164532,1.0,0.9981920218924287,0.9936553337120658,0.9941345251893902,0.9951844333374056,0.9965205302703867,0.9963549819884409,0.9963094478587863,0.9948602209764079,0.993243279250584,0.9939773768961121,0.9950759377333526,0.9932753298871018,0.9952552005435825,0.9962749237848698,0.992141835436969,0.9933841618619275,0.9934294484161266,0.992116652622265,0.9929333223377345,0.9916604137575414,0.9911647997721442,0.9893420948770858,0.9951360854866518,0.9885297381829932,0.985983106363999,0.9891524254274306,0.9935173140082303,0.9940133238740154,0.9927246564496404,0.9923153844744428,0.9897971940662447,0.9926464729368498,0.9941575813806677,0.9839627816612271,0.9419806951821983,0.9321131279924516,0.9429462429281171,0.9340862624614988,0.9539957940909003,0.9464405112325212,0.9523868735451728,0.9621535003273646,0.9747983943020405,0.9604867656886398,0.9728584605767988,0.9780101485858078,0.9787604691883022,0.9761811472260734,0.9658975171884702,0.9727079330832739,0.9689745495152329,0.981173837332424,0.9824271155028231,0.989833846394866,0.9861217043983853,0.9804752874811802,0.9878035328698368,0.9850986984339436,0.9818231384866608,0.9782007582046393,0.967787873642304,0.9655799826586319,0.9678316634578441,0.9712898297463184,0.9687763860577951,0.9811296358501737,0.967864602229534,0.9583621044464996,0.9615134023939935,0.9583964835627238,0.9555241702347951,0.9602609218255803,0.9428526677294812,0.9607572022312492,0.9460508110311947,0.9558563871831824,0.9445969740727764,0.9374740983353093,0.924245526815319,0.903340354211084,0.8911282389437186,0.8855901516462071,0.8850858445649818,0.8831614191740179
17-May,0.9900512648294952,0.9953371157856932,0.9958015030225521,0.9981920218924287,1.0,0.9925876628202113,0.9914926872152113,0.9927423729320135,0.9938740442124713,0.9939107190994558,0.9943937291473874,0.9939640013007103,0.9907694954524314,0.9925696990197088,0.9937751152503385,0.9918879550970784,0.9950887161472043,0.9935512779480009,0.9865572300759764,0.9907717379944752,0.9909240769859622,0.9899874014101115,0.9921145909525514,0.9897060854093227,0.9889938449375584,0.9878579020331278,0.9939975043270545,0.9903055393315093,0.9882516579180948,0.9889901065284488,0.9906352505253473,0.9914894372799227,0.9925644370197982,0.9915565787878982,0.990924443897863,0.992510063303561,0.994979904196644,0.9868830099250694,0.9493995904000087,0.9395554368664164,0.9491860013521544,0.9423637141844019,0.9603934437687622,0.9545718429907978,0.9581454871016063,0.9675659209195954,0.9786573184669012,0.9670014419787377,0.9780153461897269,0.9810210485813585,0.9808233100825118,0.9764140249497185,0.9654963593088604,0.9725016470588198,0.9702816111915746,0.982379091626974,0.9829570070873549,0.9889235450305316,0.9859355609172066,0.9811811016651555,0.9878312140797616,0.9855474060091209,0.9812382176471266,0.9780597679986901,0.9689778591766046,0.9673740489946995,0.970079107496352,0.9747103821771753,0.9723130978963554,0.9819402280071308,0.9705467135972727,0.9620129892659617,0.9649183117142869,0.9616190457971289,0.9592458652781891,0.9628437262182068,0.9477264367992533,0.9647998262734034,0.952115913810623,0.9618193389329251,0.9503238274562424,0.9434831370586679,0.9311500854786698,0.9103260962154273,0.8993579968195752,0.8936563301208902,0.892162890650627,0.8881858931807893
17-Jun,0.9844489645705616,0.9920162942524666,0.9932696545237776,0.9936553337120658,0.9925876628202113,1.0,0.9951552067731864,0.9924164033553102,0.9955056265875476,0.9895331125456696,0.9881211051756515,0.9894198388252049,0.9857835479597296,0.9882272227103492,0.9890925186692803,0.9872757112856752,0.9910255412952461,0.9899639320258778,0.9875428193728063,0.9918134689783614,0.9915091966392173,0.9889353099577902,0.987336491694453,0.9866177350779763,0.9844300459791997,0.983879669978787,0.98849445901687,0.9827895453771257,0.9794045561759044,0.9810463674717795,0.985944279578371,0.9877157892021593,0.9897926929045295,0.9870483423141955,0.9856166780460327,0.9875276122979597,0.9885749964620753,0.9789830451125962,0.9375611781706042,0.9280274349967416,0.9422780155126619,0.9330539471991218,0.9498599157652293,0.9380671460371771,0.9400297591286492,0.9515320950254381,0.9672055489427724,0.9505212904131517,0.9681365324831759,0.9790328460609774,0.9791945989741628,0.9781750675901311,0.9706710147691805,0.9759263966780936,0.9734802069231256,0.9804682333464159,0.9837288380977209,0.9878837203923228,0.9853648599712628,0.9796818183825345,0.9867268892036132,0.9848953406470075,0.9819024853851066,0.9767105081413971,0.9690912069714347,0.9666648690818098,0.968147307462223,0.967717218362392,0.9692777554003036,0.980379302662798,0.9703670313008489,0.9644726247011421,0.9671885507585365,0.963368040515524,0.9569923814805145,0.9627482605602354,0.9483398028786941,0.9639622211229759,0.9501585521389152,0.9544507999743601,0.949872131407734,0.9458526708755994,0.9338426887017198,0.9167964423627631,0.9075899278975543,0.9032890258301445,0.9016867525878264,0.8994937380793515
17-Jul,0.9823282552258924,0.9889545287530258,0.9917630923502343,0.9941345251893902,0.9914926872152113,0.9951552067731864,1.0,0.9978576080391979,0.9979897290644826,0.9932876768931417,0.9906180533131199,0.9888703392663795,0.9873800781576167,0.9882666041236198,0.9891758208408478,0.9858240339390153,0.9901581395850139,0.9928973196782125,0.9933726702800302,0.9941441646598919,0.9942207924568769,0.9915149767562125,0.9887033635949096,0.9888005875686231,0.9868775262965577,0.9844998999927336,0.9888701184016663,0.9781421005977459,0.9746827275016555,0.9804713051780495,0.9906153412857437,0.9929029505312272,0.9917695377952692,0.9905497716498568,0.987249342309407,0.9891905055799387,0.9883317320155318,0.9783814956237928,0.9411380806575049,0.9362577734833875,0.9470471725581058,0.9360757917499241,0.9508341302040423,0.9404763326167557,0.9456608862988315,0.9544424916247717,0.968659046860711,0.9510338584115691,0.9655196467267856,0.9771197598560306,0.9799305675775266,0.9801874504066351,0.9705039278893054,0.9775038377534495,0.9735244743125935,0.9814248743108513,0.983337438091347,0.9901865897561335,0.9864184624748266,0.9808408607411139,0.9877171118511051,0.9859071478864232,0.9853232001455788,0.982307252870007,0.9720385681753798,0.9694642456514584,0.9698981777587957,0.9699209054845079,0.9689111494305069,0.9810493615733696,0.9696794479867777,0.9629538732160756,0.9643749707520125,0.9631583502380124,0.9592132712666335,0.9664385528829829,0.9485200790753711,0.9639629210377262,0.948711169940721,0.9529308951345002,0.9455058150360798,0.9400628581023589,0.9267835306627844,0.9106970520921003,0.8992781089467197,0.8951374929687308,0.8984115719964225,0.9006484129216302
17-Aug,0.9852397905758249,0.9901220696584903,0.993204020810899,0.9951844333374056,0.9927423729320135,0.9924164033553102,0.9978576080391979,1.0,0.997935879622374,0.9946649706172503,0.9921797673421294,0.990040794739207,0.9883075469632127,0.9888712840765564,0.9904377549048792,0.9873115612185843,0.9911697707955708,0.994039835982241,0.9940055641303636,0.9935520529456667,0.993662522262846,0.991564032236525,0.9902315718551672,0.9907124727567628,0.9889620109967135,0.985708668905184,0.9903492704515329,0.9796772013997506,0.9763845325386619,0.9830255872304138,0.9931531779346758,0.9936178109036377,0.992679182433248,0.9913942684354117,0.9886485517925694,0.9902539433347155,0.9905608924987096,0.9790244884499932,0.9406025665987874,0.9361189214690971,0.9446359490560885,0.9356887971575648,0.9516905798034712,0.9437759171601409,0.9496862411021983,0.9584327348870298,0.9713718615045223,0.9539515872739917,0.9663400701856534,0.976145052975722,0.9787110812075407,0.979070975396283,0.9689527908309324,0.975162007491948,0.9708287805862309,0.9815884331895541,0.982495946174541,0.989323526724495,0.9846993835355939,0.9789034470330336,0.9866917127766416,0.9842500736523259,0.9842073693705954,0.9821582232050958,0.9701957725990473,0.9677322603945475,0.9677280064922872,0.969220276715995,0.9673182666799965,0.9791304119910653,0.9664340256810915,0.9592126375213642,0.9608197834745895,0.9597499387299745,0.9584113660640624,0.9635214376234406,0.9456762075459686,0.9623745368649466,0.9461910161090528,0.9513443957039173,0.942561992393789,0.935050246723562,0.9202078028598651,0.9025917952094221,0.8894326286376848,0.8848724798228687,0.8888984736905243,0.891014669190942
17-Sep,0.9871820704374018,0.9929416437590824,0.9951462293381862,0.9965205302703867,0.9938740442124713,0.9955056265875476,0.9979897290644826,0.997935879622374,1.0,0.9955484080102346,0.9939623778471267,0.992712418360858,0.9907752875447104,0.9923371958153613,0.9931685578690674,0.9910699821662169,0.9947471383555464,0.9959164913039188,0.9952461151523211,0.9967599822683836,0.9966269416375568,0.9942007249276117,0.9925119738636533,0.9920207194564513,0.9903861262788106,0.9887205519515433,0.9924667857976163,0.9842896853436695,0.9805657406639874,0.9852944222716921,0.9937953553291785,0.9948613039099988,0.994358331580338,0.9930705265260853,0.9900853102974949,0.9919589405505354,0.9919604427269605,0.9807132702422366,0.9412856396124474,0.9331639224350681,0.9446633163764815,0.9344858054676588,0.9517996198001692,0.9420935328680851,0.9462940866084779,0.9557586650538329,0.9696690339866998,0.9528682677914214,0.9677909444688941,0.9777597801913686,0.9796110637734164,0.9792920350399774,0.9714822594704334,0.9778058790863964,0.9737942274600869,0.9829988115161594,0.9848753104717316,0.9913377328753719,0.9878553563233248,0.981873546464409,0.9893249455319851,0.9871608179918095,0.9861477889374427,0.9821070022225378,0.9728663272296733,0.9706638509193266,0.9711693352210136,0.971299670065887,0.9702912199230268,0.9828673088740084,0.9714530373151469,0.9635776274844459,0.9654301221991403,0.9631890152061093,0.9601664131947857,0.9652093537768566,0.948634860196555,0.9645845966622584,0.9489289323100434,0.9546197656197962,0.9466824443923512,0.9408153749301251,0.9276705819736575,0.9094083023306938,0.8977133158570021,0.8929563153328762,0.8942560217766372,0.8943699128472112
17-Oct,0.9879121240677332,0.992761704544617,0.9928096634028709,0.9963549819884409,0.9939107190994558,0.9895331125456696,0.9932876768931417,0.9946649706172503,0.9955484080102346,1.0,0.998569646817549,0.995126008831732,0.9955379494644123,0.9950570944483133,0.9964782477487247,0.9941122706389187,0.9942412777624735,0.9975241383920523,0.992005373746152,0.9926012729743804,0.992028343663973,0.9921897167011,0.992254417092001,0.991702108966924,0.991887767261811,0.9901445966791296,0.9937587366697405,0.987205149352443,0.9830636987978358,0.9885336932876867,0.9939647086137859,0.9945426571922656,0.9919348394122222,0.9915497026311665,0.9869056736082883,0.9905257373895371,0.990852884837877,0.98436958847033,0.9475191168808631,0.9388968306569827,0.9480443809618609,0.9401347999151122,0.958859181858076,0.9511926514777136,0.9605149197189001,0.9677871109459336,0.978354722789032,0.9639633001081626,0.9737784615537868,0.9796379635607271,0.9815735116761031,0.9781724796871057,0.9666824724847066,0.9740039155810296,0.9698418841869298,0.9826261742756368,0.9823941911043604,0.9910345799706484,0.9871886192453386,0.9821866125421067,0.9886007585802036,0.9850900943028184,0.9825940382977443,0.9797383990513284,0.9686474730116005,0.9660344678377984,0.9683583874796422,0.9715830783817876,0.9663838930655873,0.9788778096436924,0.9647465715303468,0.9541800943307946,0.9573821523824296,0.9549840698966574,0.952506733064473,0.9584554803460699,0.9390767845568024,0.9575655626877817,0.9421367351303569,0.9524466850703118,0.9385009909810431,0.9295433273950371,0.9164260808534852,0.8945474053744868,0.8808916438612958,0.8751423432165055,0.8766679988824566,0.876511710986779
17-Nov,0.9889998488015752,0.993330181285532,0.9931876796196699,0.9963094478587863,0.9943937291473874,0.9881211051756515,0.9906180533131199,0.9921797673421294,0.9939623778471267,0.998569646817549,1.0,0.9962863983408411,0.9958988379870519,0.9955437616244701,0.9968301526805771,0.994761472610266,0.9953805024236415,0.9970260381724989,0.9906579629663536,0.9925057275694124,0.9922715999410935,0.9931356716910467,0.9938152173643853,0.992446529591755,0.9922626434705428,0.9914122718811836,0.9949675127864807,0.9897494250746326,0.985729550495842,0.9897287010985397,0.9938319933165324,0.994229710208929,0.9920880162630539,0.9922751907277759,0.9885043402218062,0.991603955749822,0.9920412979174973,0.9856424351896901,0.952021966140743,0.9410197822370511,0.9504009525820577,0.9432106161346497,0.9624587020737996,0.9559902095423267,0.9634827498482702,0.9704670152678591,0.9785270784064308,0.9653197244279106,0.9744483571329994,0.9785286614398773,0.9801839822145428,0.9742517215623104,0.9637642974111679,0.9723519724275121,0.9688891617216313,0.9820014413802024,0.9806646241780607,0.9894808940126455,0.9862075375806459,0.9808777335294235,0.987004034796732,0.9844055462432595,0.9813130917375963,0.9777540090441206,0.9680539183961353,0.9657125470401055,0.9698092301075631,0.9735658477025491,0.9684926333062258,0.9808470760041836,0.9673207732930109,0.9556334764731661,0.9584473463727249,0.9561544220489501,0.9547343175089033,0.9587904698152651,0.9415658756398605,0.9600468617651327,0.9464654676020797,0.9575571253955268,0.9425544153442096,0.9342089529630667,0.9215759104982877,0.8993437233072205,0.885671758035445,0.8802372833901252,0.8796877259468298,0.8774426466315688
18-Jan,0.9935002246602199,0.9964615843268899,0.9945303977137708,0.9948602209764079,0.9939640013007103,0.9894198388252049,0.9888703392663795,0.990040794739207,0.992712418360858,0.995126008831732,0.9962863983408411,1.0,0.9976692683924996,0.9983745173464397,0.998755470379464,0.9979535576062539,0.9973485331060447,0.9965691469382695,0.9896462615938888,0.9914111283355174,0.9916418299658347,0.9945979655908056,0.9961957231648286,0.9963825612576644,0.9968597007332253,0.9965623462267187,0.9978813021474346,0.993926154932256,0.9907968271784159,0.9931635232335831,0.9938203004286651,0.9931269597415072,0.9918534801715471,0.9924945055425217,0.9902667267246053,0.9946622454903342,0.9946787447921805,0.9904464456401428,0.9483200962992622,0.9317567443229828,0.9419119141510499,0.9361919205368027,0.9586290124321664,0.9538857294162852,0.9622840805959709,0.9709319478564628,0.976277819041858,0.960045894958422,0.9709775761512914,0.9747850687242084,0.975352170223675,0.9674653670235492,0.9567124821536719,0.965213839978426,0.962591861820491,0.9791686076388092,0.9785183245322191,0.9874820816396077,0.9830930179617424,0.9759773424846987,0.9847890317431545,0.9818538008614237,0.9772161142694071,0.9707882648400987,0.9612346663110589,0.9583203063102039,0.9650283413068645,0.9700425184916438,0.9663443973650658,0.9804204641652161,0.9662034555720176,0.9544817293344733,0.956725636199784,0.9536173341383871,0.9529012389319783,0.954349984996228,0.9392807472155297,0.9594960814522976,0.9479287168806065,0.9599299727700009,0.9447090316811892,0.9358789504933318,0.9216439847462192,0.8971803383254674,0.8833776492299857,0.8779701739078324,0.8742119014343039,0.8674374812593962
18-Feb,0.9901922542067131,0.9937839338496394,0.9912443409201355,0.993243279250584,0.9907694954524314,0.9857835479597296,0.9873800781576167,0.9883075469632127,0.9907752875447104,0.9955379494644123,0.9958988379870519,0.9976692683924996,1.0,0.9987665299618601,0.9980365261641668,0.9959920474134021,0.9936524500663773,0.9954944883890557,0.9896440897244158,0.9890605814551415,0.9887836014722675,0.9928937762493835,0.9930857597864265,0.994148147465951,0.9965616431934438,0.9962185836387829,0.9964716440003943,0.9902746773059085,0.9870936942112968,0.9899538662724474,0.9924050488020263,0.9933706273291943,0.9885750947644621,0.9908055055557445,0.9863087051545816,0.9928866633289594,0.991071703429849,0.989324575116472,0.943859827055896,0.9281155588427504,0.9377534061335996,0.9299139800946461,0.9534527800313922,0.9477231208171865,0.9609136358994121,0.9677763176085094,0.9729437409829703,0.9554256598602846,0.9656908236632306,0.9692784059037142,0.9708870177067068,0.9628246205194978,0.95011318127203,0.960324098257882,0.9559928176580657,0.9735312112265838,0.9730405910284002,0.9856015458146005,0.9799884521752162,0.9723045102774441,0.9817882833940539,0.9771564640024839,0.9722683793698307,0.9659853454803523,0.9539783381369813,0.9513794331474964,0.9588859580240796,0.9643758785340902,0.957688268518774,0.9749651377465368,0.9580554036230632,0.9441155510077547,0.9478484224883067,0.9441503971796784,0.9419290883876945,0.9455974093720774,0.9268162554684566,0.9489716679477254,0.935879820433736,0.9512830763375492,0.9314587961276615,0.922345567461693,0.9075437836713912,0.8811854523626999,0.8665193647933872,0.8607037996733949,0.8578017223117396,0.8529386000609465
18-Mar,0.9906912291155751,0.9944206616424299,0.9921318566881157,0.9939773768961121,0.9925696990197088,0.9882272227103492,0.9882666041236198,0.9888712840765564,0.9923371958153613,0.9950570944483133,0.9955437616244701,0.9983745173464397,0.9987665299618601,1.0,0.9986126186568458,0.9971954873472905,0.9959421981031108,0.9956217653388858,0.9894564283224135,0.9910644366227935,0.991210200799584,0.994339777574812,0.9948014476795639,0.995058009901495,0.9966202608352632,0.9968783012989055,0.9973482615782354,0.9928036767896339,0.9890266147914129,0.991323059351268,0.9932948178078059,0.9938622855982304,0.9908750889463658,0.9925969720864171,0.9886970537914105,0.9942781551769846,0.9929969002471345,0.9901381941252066,0.9450219081132415,0.9281577479023093,0.9389660440780989,0.9311783595933812,0.9546855253390845,0.9482634433910426,0.9588712751727357,0.9670395063263466,0.9733416042231707,0.9566362659173131,0.9682893527527148,0.9723014292835968,0.9728536099702808,0.9655247452118776,0.9542068278838547,0.9633871474411797,0.9596954470742013,0.9757728678248235,0.9760617219854282,0.9865386920922374,0.9818731809027358,0.9745168469361843,0.9839632358934762,0.9797770865451578,0.9747666052352216,0.9678048477107143,0.9579458193812831,0.9559761911470569,0.9623253754847121,0.9669674873382668,0.9621087092304627,0.9777936099344177,0.9632979294804651,0.9510071547335078,0.9542284759166411,0.9502438603294578,0.9480298282706171,0.9504321223880842,0.9342919601992115,0.9550804006263939,0.9425665953653685,0.9560836328834901,0.9386467311888993,0.9305164896851825,0.9167128006297722,0.8912246480201081,0.87763018308623,0.8715863897700162,0.8679490994020973,0.8623231267015413
18-Apr,0.9919404036761938,0.9955144518302734,0.9938296006216389,0.9950759377333526,0.9937751152503385,0.9890925186692803,0.9891758208408478,0.9904377549048792,0.9931685578690674,0.9964782477487247,0.9968301526805771,0.998755470379464,0.9980365261641668,0.9986126186568458,1.0,0.9985906966752989,0.9974612013480981,0.9974250872149916,0.9900679538385511,0.9920181292218233,0.9912713772456722,0.993437294889497,0.9951797746800465,0.9951735349524231,0.9960368156063527,0.9955870217039625,0.997207616185859,0.9937077637700209,0.9900692298490932,0.9935279909829239,0.9943629584604485,0.9936384930985301,0.9921506770442962,0.9922463368553751,0.9893658282018667,0.9934308440598153,0.9938468678187183,0.9893342147189281,0.9464653889867672,0.9314344775008593,0.9418148567458517,0.9354087489548455,0.9578882250293669,0.9517118241994503,0.9612259590667406,0.9694651760456605,0.9765817846589806,0.961523078607694,0.9719124944613582,0.9755993569264143,0.976348926224206,0.9691975670406742,0.9585948067924711,0.9664758013927579,0.9634998431700071,0.9792507259024443,0.9790851534310747,0.9877277064512685,0.9838791025522249,0.9771622644572339,0.9855903334215786,0.9822274854043512,0.9778605116732747,0.9722380314356831,0.9624627211348719,0.9596359347522078,0.9651508308898457,0.9695447873386603,0.9652461254974328,0.9788595178804566,0.9650341200017263,0.9535718786148484,0.9562284712781365,0.952970157100065,0.9512267360374599,0.9538281962584163,0.937711807151314,0.9575857822162901,0.944852202201,0.9568597700746626,0.9415853135858289,0.9323139718661025,0.9184549244162431,0.8939639622221024,0.8801694261465102,0.8746978163455401,0.8723124454580284,0.8667157659846115
18-May,0.9927166091411401,0.9951270118037453,0.9935073001908781,0.9932753298871018,0.9918879550970784,0.9872757112856752,0.9858240339390153,0.9873115612185843,0.9910699821662169,0.9941122706389187,0.994761472610266,0.9979535576062539,0.9959920474134021,0.9971954873472905,0.9985906966752989,1.0,0.9974120931709176,0.9962174083755814,0.9884486754319444,0.9901520234713412,0.9896485849236727,0.9912114367755936,0.9942937288656181,0.9943582441174573,0.9947311230488901,0.994488401425628,0.996573060466738,0.9948342915629826,0.9905246990507758,0.9943715756983816,0.9931578186307615,0.9904057461778893,0.9905054187573629,0.9896312782405344,0.9874196312088156,0.9911003000935174,0.9927313254625777,0.9868318581151692,0.9416085056289301,0.9251229402760069,0.9363874629127954,0.9312435941904634,0.9547390247117055,0.9482969351160543,0.9569957032983732,0.9670504305557073,0.9756932817417168,0.9611943437608226,0.972206865278664,0.9750089903871978,0.9747415439399322,0.9679146451469717,0.9579171686338532,0.9642607316396357,0.9608667434667044,0.9774475520400834,0.9781786843810429,0.9850186349327724,0.9817845802759747,0.9752368353816926,0.983976758416999,0.9806759903888324,0.9761481230441393,0.9701203489344846,0.9603151112837458,0.9570672948256373,0.9618746770940503,0.9660465247388067,0.9629495928572563,0.9763741223801081,0.963409674655101,0.9525520173068782,0.9549947011074501,0.9515780267198952,0.9504592674423882,0.9518839517634682,0.9359240810486228,0.9560019510364107,0.943390664285636,0.9543495210925176,0.9410284180561761,0.9312862395991063,0.917331231042436,0.8926331485312006,0.8796311887285271,0.8734062845981982,0.8703960601071278,0.8640133097226184
18-Jun,0.9911008154978274,0.9949870954998801,0.9948690812760375,0.9952552005435825,0.9950887161472043,0.9910255412952461,0.9901581395850139,0.9911697707955708,0.9947471383555464,0.9942412777624735,0.9953805024236415,0.9973485331060447,0.9936524500663773,0.9959421981031108,0.9974612013480981,0.9974120931709176,1.0,0.9969088381390585,0.9901585872648319,0.9944611105877693,0.9946085740967833,0.9943771415779726,0.9960468005110121,0.994421114177396,0.9933831284261793,0.9935194257653809,0.9964122631176746,0.9942874074292523,0.9900457447211235,0.9931322552148883,0.9947117979938691,0.9930416894279116,0.9947169418990722,0.9937741686900309,0.9923068299268901,0.9938991145917462,0.9952245201879224,0.987316006139283,0.9501470599608524,0.9359049127777653,0.9469675398238014,0.9406897171867236,0.960308658241246,0.9539756988655329,0.9573875775272808,0.9670678105363509,0.9759668933683002,0.9623781651426195,0.9744981177875254,0.9791443764135086,0.9796774405132228,0.9735157342856584,0.9657644047417622,0.97232198147901,0.9702159211040107,0.9827734467599853,0.9832395416000561,0.988654326938159,0.9862988054756558,0.9803473438680375,0.9878097671658299,0.9861132357754774,0.9828726772362589,0.9773957773885379,0.9699590499266839,0.9675426641500386,0.9713065945210443,0.9737911091711672,0.9721011298925535,0.9832853850972048,0.9731059189458482,0.9639719702105692,0.965310251662667,0.962762624921951,0.9619213298763123,0.9627940590523101,0.9494672026924069,0.9666595703316478,0.9545005231599151,0.9630305674034223,0.9518708824332297,0.9446391963513978,0.9316872211247045,0.9103686185684258,0.8984836893174125,0.8933574019596678,0.8909925305040834,0.885258671132041
18-Jul,0.9901752739311767,0.9945357953259646,0.9945767388353536,0.9962749237848698,0.9935512779480009,0.9899639320258778,0.9928973196782125,0.994039835982241,0.9959164913039188,0.9975241383920523,0.9970260381724989,0.9965691469382695,0.9954944883890557,0.9956217653388858,0.9974250872149916,0.9962174083755814,0.9969088381390585,1.0,0.9946782463895624,0.9953031574007322,0.9936932296930912,0.9936637726026862,0.9943461374909192,0.9938601456641923,0.9939948747344364,0.9918216588028402,0.995169219205532,0.9890449938943945,0.9856875742122452,0.9915857129172039,0.996057506003777,0.9952900218133711,0.9934814234445012,0.9931003768252143,0.9895155607439565,0.9925961691063786,0.9929492408040286,0.9855296150691594,0.9451675444868377,0.9342075217317809,0.9443415803613583,0.9357798052189243,0.9558821339707154,0.9481437369329008,0.9567488310158461,0.9645774549357939,0.9753333305197385,0.9602796613632553,0.9713273985447863,0.9772336417862258,0.9793679790745998,0.9750467266844116,0.9658094441304063,0.9727322493115426,0.9692054373444456,0.982795991411309,0.9827903261119029,0.9910279452908938,0.9869202918386103,0.9807156990522158,0.9880485966833527,0.9855025092355792,0.9830761634348419,0.9788617976361488,0.9686948861636051,0.9656489111734055,0.9687483298569968,0.9716215246461561,0.9676428139822424,0.980689162662374,0.9667892834487272,0.9558862743737694,0.9578662392168656,0.9561891455144651,0.9539876900582561,0.9588525848799309,0.9411119879909504,0.9587757418356032,0.9441275213509066,0.9541255155728702,0.9415668453730889,0.9326699741284675,0.9189688807950865,0.8971343124649881,0.8834363282361447,0.8789560143451338,0.8793801777902953,0.8767281567231175
18-Aug,0.9864255626636691,0.9895142439761789,0.992139428841478,0.992141835436969,0.9865572300759764,0.9875428193728063,0.9933726702800302,0.9940055641303636,0.9952461151523211,0.992005373746152,0.9906579629663536,0.9896462615938888,0.9896440897244158,0.9894564283224135,0.9900679538385511,0.9884486754319444,0.9901585872648319,0.9946782463895624,1.0,0.9952418444554743,0.9943325453479708,0.9920046268560123,0.9907545665926208,0.991448625246115,0.9904704382048598,0.9872794747874449,0.9902460189161435,0.9782501851385129,0.9768706616529919,0.9845662983053634,0.9941463481509608,0.9934229838222564,0.9892019125380241,0.989693370576814,0.986108138947488,0.988795023984256,0.987727121333584,0.9753921025980508,0.9294459965611241,0.9214095132406825,0.9313848076064287,0.9208690922025563,0.9411667948632716,0.9313079455743146,0.9410818642893831,0.9502308849467646,0.9630690110069676,0.9428410323232235,0.9565430179184389,0.9650544599388693,0.9693390183822876,0.9688450598790503,0.9600790384427573,0.9680641940323379,0.9617291501385186,0.974025815710262,0.9754268658229532,0.9848668365933396,0.9789047770172283,0.970600399344555,0.9801404171035499,0.9775337675548934,0.9772886767062885,0.9734734842003945,0.9613378900799218,0.9580282884724415,0.9595274812038586,0.9603667162646747,0.9578292248951958,0.9748284826384302,0.9588081878334586,0.9487152295440234,0.9500006174332003,0.949036715475931,0.9476701713624589,0.9527477811503815,0.9321643935174936,0.9504668008358625,0.9334939386016932,0.9410058200422446,0.9305079073547121,0.9223301605783724,0.9065014929008477,0.8861102565221219,0.8717046837693354,0.8680707046950521,0.8708604142774125,0.8723698100473862
18-Sep,0.9833833952903703,0.9896369468516748,0.9921955355779479,0.9933841618619275,0.9907717379944752,0.9918134689783614,0.9941441646598919,0.9935520529456667,0.9967599822683836,0.9926012729743804,0.9925057275694124,0.9914111283355174,0.9890605814551415,0.9910644366227935,0.9920181292218233,0.9901520234713412,0.9944611105877693,0.9953031574007322,0.9952418444554743,1.0,0.998130727229353,0.9956699459155733,0.9942864989792832,0.9919903983887327,0.9893515854636089,0.9886314338619038,0.9915799275273228,0.9855971088159365,0.9818124808331572,0.9867381893853142,0.9941841854191108,0.995236352191824,0.9955784202869139,0.994541556568716,0.992560663632742,0.9927831004096548,0.9923902470010468,0.9821038875499795,0.9482307919206912,0.9386466876754134,0.950852107784842,0.9407345527595186,0.9573452635138898,0.9467096722326093,0.9496110775903533,0.9581354821747082,0.9707842138529552,0.9548692769490187,0.9689008973910543,0.9778044204010543,0.9805009744404224,0.9779599521467652,0.9729126645337252,0.9806614585634996,0.9770164584157719,0.9845295941236843,0.985540614528353,0.9910091687538775,0.9883067972336167,0.9822037849264836,0.988323139174031,0.9878350643684352,0.9863189763455326,0.9817806382696409,0.9754710308753455,0.9731579152540873,0.9756465726570124,0.9753699123028323,0.9740096833400405,0.985665354089268,0.9745995518432536,0.9667726343640405,0.9680797797251193,0.9665822416309989,0.9631389745193102,0.9680825592650188,0.9536329536819909,0.9674666752324634,0.9539161395221565,0.9591002317430796,0.9512552714933757,0.9458761780917014,0.9333890325431417,0.9158668536394892,0.9036377226428035,0.9006305037315263,0.9015549947295267,0.9000074265689705
18-Oct,0.9846096824372977,0.9895446198799847,0.9923625676957348,0.9934294484161266,0.9909240769859622,0.9915091966392173,0.9942207924568769,0.993662522262846,0.9966269416375568,0.992028343663973,0.9922715999410935,0.9916418299658347,0.9887836014722675,0.991210200799584,0.9912713772456722,0.9896485849236727,0.9946085740967833,0.9936932296930912,0.9943325453479708,0.998130727229353,1.0,0.9970145584985906,0.9952294579072228,0.9932575354413069,0.9899672621816764,0.9900520516514418,0.992895822444669,0.9852847034550509,0.9816686698892373,0.9856378678169202,0.9944285296682192,0.9948105735140484,0.9951240884036936,0.9950996591315177,0.9925803739397345,0.9933827955822563,0.9927097948793528,0.9809856262992664,0.9486775149576934,0.9381735712260401,0.9500118058253572,0.9405227468999741,0.9572295372532582,0.9481448344051903,0.9497306794511177,0.9591446193729843,0.969974741013016,0.9529857144687268,0.9679265648975948,0.9770186137962338,0.9788010297073307,0.9772331414849511,0.9716806176194148,0.9794267513878935,0.9758759489361614,0.9834675158199352,0.9847571370512538,0.9897702292326807,0.987450574784792,0.9818204152433191,0.9884899746792528,0.9874379424534026,0.9867161992714911,0.9818664193543458,0.9752101323290534,0.9736361336289961,0.9754748011472025,0.9749698652587453,0.9750609705229674,0.9867793133038587,0.9772058985838954,0.9698881927318348,0.9710682689563871,0.9691861133623776,0.9677667405987769,0.970619761487682,0.9564908316416868,0.9712802543729347,0.957938933434524,0.9632125709760838,0.9548083295143655,0.9500356845995196,0.9373877601304454,0.9197887250470557,0.9076096325302782,0.9034187286935805,0.9035424783265718,0.9025232849569
18-Nov,0.9862909322464007,0.9903338396827418,0.9906134971010897,0.992116652622265,0.9899874014101115,0.9889353099577902,0.9915149767562125,0.991564032236525,0.9942007249276117,0.9921897167011,0.9931356716910467,0.9945979655908056,0.9928937762493835,0.994339777574812,0.993437294889497,0.9912114367755936,0.9943771415779726,0.9936637726026862,0.9920046268560123,0.9956699459155733,0.9970145584985906,1.0,0.9967842928261305,0.9962799719193591,0.9942693822417511,0.9949839709621146,0.9953214191076485,0.9872552760190383,0.9831962677896088,0.9863440238507963,0.9938880106399468,0.9952252504495338,0.9936393409326026,0.9956986817666325,0.9928503072231546,0.9958356373577083,0.9934087374095647,0.986555006289174,0.9537308848210212,0.9388591977634013,0.949919104199822,0.9408831213009216,0.9597969922329456,0.953823309050669,0.9584611279604278,0.9663493954691078,0.9706360793541062,0.9512697139892923,0.9650148998934182,0.9736170725914052,0.9754676289191804,0.9701780687174887,0.9622102000193973,0.972067386114174,0.9695685376284581,0.9804053937266969,0.9799029049719703,0.9886297662350202,0.9847751817020722,0.9780970200135691,0.9859842764814435,0.9839401517672501,0.9816846080611759,0.9749747060768204,0.9674487702686393,0.9655776398181295,0.9714671004763534,0.9734782246559266,0.971365828661011,0.9850788438986132,0.9728971104163677,0.9632824960924297,0.9642649585743173,0.9620426464478589,0.9620764760990582,0.962984578527735,0.9501198034282522,0.9673903186475924,0.9554480200061503,0.9651190455886846,0.9509010844406506,0.9452821434925622,0.9313945176995425,0.9108639930863187,0.8970103298318817,0.8928716529143389,0.8907486360813514,0.8867749788513907
18-Dec,0.9892834415115368,0.9922520567044998,0.9924758913776736,0.9929333223377345,0.9921145909525514,0.987336491694453,0.9887033635949096,0.9902315718551672,0.9925119738636533,0.992254417092001,0.9938152173643853,0.9961957231648286,0.9930857597864265,0.9948014476795639,0.9951797746800465,0.9942937288656181,0.9960468005110121,0.9943461374909192,0.9907545665926208,0.9942864989792832,0.9952294579072228,0.9967842928261305,1.0,0.9978080987688538,0.9958476164710264,0.9959106996063036,0.9973115970078302,0.9927753486560884,0.989802291719697,0.99329527041545,0.9959852430299732,0.9953621863388823,0.9957529598888164,0.996103483726566,0.9958167514256685,0.9970548366325914,0.9972410565906434,0.9900068329160328,0.9565786602384522,0.9404912127455057,0.9501856983610446,0.944396426073621,0.9648797856243613,0.9604670648770933,0.9649963807566774,0.9734555411309607,0.9785272824310973,0.9625645733666814,0.973220737608742,0.9766085465145542,0.9781250975781912,0.9714094054431166,0.9624580728458779,0.9716139280409644,0.9691794931729272,0.9832379712453946,0.9822085186951303,0.9886358259463324,0.9850149654702353,0.9787498997624897,0.9869326876685169,0.9852761249948302,0.9819149254846941,0.9765852971288472,0.9689728470008433,0.9669275284202562,0.9727422747418549,0.9768833988223319,0.9749359719518852,0.9863647697288341,0.9746801993938919,0.96514394923591,0.9660003403319214,0.9642120974114801,0.9659673820159359,0.9650054431208677,0.9528410725465993,0.9701619119340658,0.9591161200999395,0.9690250105847832,0.9555359351060161,0.9471664533257913,0.9328896832181053,0.9105414634126923,0.8961657985834107,0.8914868405036276,0.8900007093597575,0.884101182434112
